priterior probability for each class :  [[2.71573455e-009 9.99999997e-001]
 [1.00000000e+000 4.09412055e-061]
 [1.00000000e+000 4.31077847e-010]
 [2.03494629e-011 1.00000000e+000]
 [3.61176063e-014 1.00000000e+000]
 [1.00000000e+000 1.42174630e-104]
 [1.00000000e+000 7.10826681e-136]
 [1.00000000e+000 1.07285461e-019]
 [2.56960353e-001 7.43039647e-001]
 [5.15136832e-013 1.00000000e+000]
 [1.33749142e-012 1.00000000e+000]
 [1.00000000e+000 4.65745137e-018]
 [5.21176591e-011 1.00000000e+000]
 [1.00000000e+000 1.88388254e-010]
 [1.66838442e-013 1.00000000e+000]
 [1.00000000e+000 2.11252061e-040]
 [3.61229880e-012 1.00000000e+000]
 [1.75980793e-016 1.00000000e+000]
 [2.02065527e-013 1.00000000e+000]
 [1.00000000e+000 4.32871082e-068]
 [5.24151890e-006 9.99994758e-001]
 [3.89959360e-013 1.00000000e+000]
 [1.00000000e+000 1.51441031e-090]
 [3.51645755e-016 1.00000000e+000]
 [1.75591242e-014 1.00000000e+000]
 [7.76727035e-012 1.00000000e+000]
 [1.29408755e-012 1.00000000e+000]
 [9.17034232e-012 1.00000000e+000]
 [1.74867512e-013 1.00000000e+000]
 [1.00000000e+000 1.48640344e-047]
 [3.22651708e-013 1.00000000e+000]
 [1.78015523e-016 1.00000000e+000]
 [2.47816054e-007 9.99999752e-001]
 [1.88081915e-012 1.00000000e+000]
 [4.89629918e-015 1.00000000e+000]
 [8.26995973e-015 1.00000000e+000]
 [9.77509975e-001 2.24900255e-002]
 [2.51082305e-012 1.00000000e+000]
 [1.00000000e+000 2.88124440e-030]
 [9.45887674e-009 9.99999991e-001]
 [4.57217784e-015 1.00000000e+000]
 [1.00000000e+000 6.03504353e-014]
 [2.70300242e-012 1.00000000e+000]
 [9.02038583e-015 1.00000000e+000]
 [4.90099754e-007 9.99999510e-001]
 [2.30524282e-012 1.00000000e+000]
 [6.82844652e-012 1.00000000e+000]
 [1.30318563e-013 1.00000000e+000]
 [3.08264939e-011 1.00000000e+000]
 [2.30701454e-011 1.00000000e+000]
 [1.00000000e+000 8.53734184e-020]
 [1.00000000e+000 1.71829803e-072]
 [3.14106497e-003 9.96858935e-001]
 [8.82724230e-006 9.99991173e-001]
 [3.44613029e-013 1.00000000e+000]
 [3.00951727e-012 1.00000000e+000]
 [1.69969135e-012 1.00000000e+000]
 [1.00000000e+000 1.97396804e-178]
 [5.99210764e-001 4.00789236e-001]
 [9.58624359e-016 1.00000000e+000]
 [9.05303242e-013 1.00000000e+000]
 [1.00000000e+000 9.54044910e-066]
 [1.00000000e+000 1.92580843e-142]
 [7.81748307e-011 1.00000000e+000]
 [1.01307664e-015 1.00000000e+000]
 [2.83393470e-009 9.99999997e-001]
 [1.00000000e+000 3.26589542e-028]
 [1.00000000e+000 1.64320355e-125]
 [6.13596958e-015 1.00000000e+000]
 [1.72402781e-008 9.99999983e-001]
 [9.99999988e-001 1.17834601e-008]
 [1.00000000e+000 2.74152891e-020]
 [2.42800520e-012 1.00000000e+000]
 [1.00000000e+000 1.87048236e-013]
 [2.57915886e-013 1.00000000e+000]
 [1.58218992e-009 9.99999998e-001]
 [1.01407360e-011 1.00000000e+000]
 [2.14422419e-003 9.97855776e-001]
 [1.14757814e-017 1.00000000e+000]
 [1.28578766e-010 1.00000000e+000]
 [1.00000000e+000 2.41269389e-010]
 [6.95577032e-018 1.00000000e+000]
 [2.53867762e-002 9.74613224e-001]
 [1.00000000e+000 3.35029289e-117]
 [1.00000000e+000 9.30339828e-014]
 [1.00000000e+000 2.60481016e-024]
 [1.00000000e+000 2.74174017e-031]
 [1.00000000e+000 1.06188389e-061]
 [2.93511679e-010 1.00000000e+000]
 [1.44828792e-012 1.00000000e+000]
 [7.95356199e-013 1.00000000e+000]
 [5.07067506e-007 9.99999493e-001]
 [3.02264611e-005 9.99969774e-001]
 [4.49882271e-017 1.00000000e+000]
 [1.12159278e-015 1.00000000e+000]
 [2.06155277e-014 1.00000000e+000]
 [1.00000000e+000 7.62327323e-063]
 [1.00000000e+000 3.64956124e-023]
 [3.18051859e-017 1.00000000e+000]
 [1.00000000e+000 3.05655740e-021]
 [9.99999996e-001 4.14474203e-009]
 [1.80874226e-018 1.00000000e+000]
 [1.00000000e+000 2.44434337e-087]
 [1.00000000e+000 4.68492365e-023]
 [2.97559679e-012 1.00000000e+000]
 [2.28963666e-011 1.00000000e+000]
 [5.71945060e-012 1.00000000e+000]
 [1.00000000e+000 2.54838236e-217]
 [4.71256810e-006 9.99995287e-001]
 [2.17704815e-009 9.99999998e-001]
 [1.00000000e+000 1.18047821e-023]
 [2.22085359e-014 1.00000000e+000]
 [5.18202844e-006 9.99994818e-001]
 [1.00000000e+000 6.88543169e-239]
 [9.99942781e-001 5.72185792e-005]
 [1.00000000e+000 1.71730273e-097]
 [1.05114270e-013 1.00000000e+000]
 [6.99555046e-013 1.00000000e+000]
 [4.39170794e-013 1.00000000e+000]
 [1.00000000e+000 6.77378497e-017]
 [1.00000000e+000 1.74672074e-014]
 [7.68437086e-015 1.00000000e+000]
 [2.72215356e-013 1.00000000e+000]
 [1.00000000e+000 5.82190080e-042]
 [5.14441788e-010 9.99999999e-001]
 [1.00000000e+000 1.37216519e-071]
 [1.00000000e+000 4.43037032e-014]
 [1.09782669e-013 1.00000000e+000]
 [1.40642272e-013 1.00000000e+000]
 [1.00000000e+000 5.00749263e-055]
 [1.00000000e+000 1.42288487e-145]
 [1.00000000e+000 1.00064485e-030]
 [3.74547054e-011 1.00000000e+000]
 [3.97422360e-014 1.00000000e+000]
 [1.29917338e-007 9.99999870e-001]
 [1.00000000e+000 1.05249842e-022]
 [4.92570830e-007 9.99999507e-001]
 [9.54589249e-014 1.00000000e+000]
 [7.94868299e-001 2.05131701e-001]
 [9.99999996e-001 4.01299030e-009]
 [2.04343603e-014 1.00000000e+000]
 [1.00000000e+000 7.91742447e-100]
 [1.43553476e-016 1.00000000e+000]
 [5.77999303e-017 1.00000000e+000]
 [9.99995173e-001 4.82666656e-006]
 [1.43712558e-012 1.00000000e+000]
 [1.00000000e+000 1.15353547e-027]
 [1.00000000e+000 4.02944374e-078]
 [6.74109494e-002 9.32589051e-001]
 [8.82582519e-015 1.00000000e+000]
 [4.96962669e-002 9.50303733e-001]
 [1.18413102e-016 1.00000000e+000]
 [6.62404773e-014 1.00000000e+000]
 [6.93497027e-012 1.00000000e+000]
 [1.92859950e-014 1.00000000e+000]
 [1.00000000e+000 8.20702931e-219]
 [1.00000000e+000 3.62262546e-035]
 [8.92626481e-015 1.00000000e+000]
 [9.35537620e-011 1.00000000e+000]
 [6.13879738e-017 1.00000000e+000]
 [1.45360099e-019 1.00000000e+000]
 [1.70711396e-010 1.00000000e+000]
 [7.23225777e-017 1.00000000e+000]
 [1.06943838e-010 1.00000000e+000]
 [1.12464802e-002 9.88753520e-001]
 [4.35707029e-012 1.00000000e+000]
 [1.85513757e-015 1.00000000e+000]
 [3.13908883e-007 9.99999686e-001]
 [1.10670600e-008 9.99999989e-001]
 [9.99961166e-001 3.88339993e-005]
 [2.35487745e-001 7.64512255e-001]
 [2.19445900e-013 1.00000000e+000]
 [2.73863155e-011 1.00000000e+000]
 [9.99993639e-001 6.36137184e-006]
 [9.34888458e-014 1.00000000e+000]
 [3.73228855e-011 1.00000000e+000]
 [9.99998600e-001 1.39994811e-006]
 [7.96478075e-005 9.99920352e-001]
 [8.33117924e-015 1.00000000e+000]
 [1.55536671e-009 9.99999998e-001]
 [9.80646892e-009 9.99999990e-001]
 [2.76927645e-013 1.00000000e+000]
 [1.64436602e-011 1.00000000e+000]
 [1.00000000e+000 7.67456057e-020]
 [1.00000000e+000 2.58906386e-050]
 [9.99997918e-001 2.08230421e-006]
 [2.29139734e-001 7.70860266e-001]
 [4.26172641e-010 1.00000000e+000]
 [1.00000000e+000 3.09329518e-013]
 [1.72889281e-010 1.00000000e+000]
 [1.00000000e+000 2.22944975e-076]
 [3.18798892e-012 1.00000000e+000]
 [2.67603528e-012 1.00000000e+000]
 [1.09047526e-017 1.00000000e+000]
 [6.03920137e-015 1.00000000e+000]
 [1.00000000e+000 4.38529576e-012]
 [2.24189584e-009 9.99999998e-001]
 [9.24405937e-016 1.00000000e+000]
 [1.00000000e+000 1.25238667e-078]
 [3.33259101e-016 1.00000000e+000]
 [3.74560877e-012 1.00000000e+000]
 [2.93779804e-007 9.99999706e-001]
 [1.00000000e+000 1.59747523e-102]
 [1.58533249e-012 1.00000000e+000]
 [1.00000000e+000 1.18600836e-051]
 [1.00000000e+000 5.84103124e-094]
 [1.22513999e-015 1.00000000e+000]
 [1.37579578e-015 1.00000000e+000]
 [4.14142152e-009 9.99999996e-001]
 [3.12763096e-004 9.99687237e-001]
 [5.91471481e-013 1.00000000e+000]
 [5.48773476e-015 1.00000000e+000]
 [2.17375082e-012 1.00000000e+000]
 [1.69210588e-018 1.00000000e+000]
 [1.00000000e+000 2.46101383e-012]
 [5.03907894e-013 1.00000000e+000]
 [6.99209979e-015 1.00000000e+000]
 [4.98668912e-017 1.00000000e+000]
 [7.92272949e-015 1.00000000e+000]
 [9.21926539e-017 1.00000000e+000]
 [9.99999962e-001 3.79808393e-008]
 [6.51829187e-008 9.99999935e-001]
 [1.00000000e+000 8.11398180e-078]
 [1.00000000e+000 7.19756657e-028]
 [9.02971147e-013 1.00000000e+000]
 [2.40048694e-013 1.00000000e+000]
 [1.00000000e+000 9.35805367e-167]
 [7.37825915e-014 1.00000000e+000]]
prior probability for each class :  [0.38709677 0.61290323]
sum of prior probability of 30 features X [[7.01564759e-009 1.63157894e+000]
 [2.58333333e+000 6.67988091e-061]
 [2.58333333e+000 7.03337540e-010]
 [5.25694457e-011 1.63157895e+000]
 [9.33038162e-014 1.63157895e+000]
 [2.58333333e+000 2.31969134e-104]
 [2.58333333e+000 1.15976985e-135]
 [2.58333333e+000 1.75044700e-019]
 [6.63814246e-001 1.21232784e+000]
 [1.33077015e-012 1.63157895e+000]
 [3.45518616e-012 1.63157895e+000]
 [2.58333333e+000 7.59899961e-018]
 [1.34637286e-010 1.63157895e+000]
 [2.58333333e+000 3.07370310e-010]
 [4.30999307e-013 1.63157895e+000]
 [2.58333333e+000 3.44674415e-040]
 [9.33177190e-012 1.63157895e+000]
 [4.54617048e-016 1.63157895e+000]
 [5.22002611e-013 1.63157895e+000]
 [2.58333333e+000 7.06263344e-068]
 [1.35405905e-005 1.63157040e+000]
 [1.00739501e-012 1.63157895e+000]
 [2.58333333e+000 2.47087998e-090]
 [9.08418199e-016 1.63157895e+000]
 [4.53610707e-014 1.63157895e+000]
 [2.00654484e-011 1.63157895e+000]
 [3.34305951e-012 1.63157895e+000]
 [2.36900510e-011 1.63157895e+000]
 [4.51741072e-013 1.63157895e+000]
 [2.58333333e+000 2.42518457e-047]
 [8.33516911e-013 1.63157895e+000]
 [4.59873434e-016 1.63157895e+000]
 [6.40191473e-007 1.63157854e+000]
 [4.85878281e-012 1.63157895e+000]
 [1.26487729e-014 1.63157895e+000]
 [2.13640626e-014 1.63157895e+000]
 [2.52523410e+000 3.66942521e-002]
 [6.48629287e-012 1.63157895e+000]
 [2.58333333e+000 4.70097771e-030]
 [2.44354316e-008 1.63157893e+000]
 [1.18114594e-014 1.63157895e+000]
 [2.58333333e+000 9.84664997e-014]
 [6.98275625e-012 1.63157895e+000]
 [2.33026634e-014 1.63157895e+000]
 [1.26609103e-006 1.63157815e+000]
 [5.95521061e-012 1.63157895e+000]
 [1.76401535e-011 1.63157895e+000]
 [3.36656287e-013 1.63157895e+000]
 [7.96351092e-011 1.63157895e+000]
 [5.95978755e-011 1.63157895e+000]
 [2.58333333e+000 1.39293472e-019]
 [2.58333333e+000 2.80353889e-072]
 [8.11441785e-003 1.62645405e+000]
 [2.28037093e-005 1.63156455e+000]
 [8.90250325e-013 1.63157895e+000]
 [7.77458629e-012 1.63157895e+000]
 [4.39086933e-012 1.63157895e+000]
 [2.58333333e+000 3.22068470e-178]
 [1.54796114e+000 6.53919280e-001]
 [2.47644626e-015 1.63157895e+000]
 [2.33870004e-012 1.63157895e+000]
 [2.58333333e+000 1.55659959e-065]
 [2.58333333e+000 3.14210849e-142]
 [2.01951646e-010 1.63157895e+000]
 [2.61711466e-015 1.63157895e+000]
 [7.32099798e-009 1.63157894e+000]
 [2.58333333e+000 5.32856620e-028]
 [2.58333333e+000 2.68101632e-125]
 [1.58512548e-014 1.63157895e+000]
 [4.45373852e-008 1.63157892e+000]
 [2.58333330e+000 1.92256455e-008]
 [2.58333333e+000 4.47302086e-020]
 [6.27234677e-012 1.63157895e+000]
 [2.58333333e+000 3.05183964e-013]
 [6.66282704e-013 1.63157895e+000]
 [4.08732395e-009 1.63157894e+000]
 [2.61969014e-011 1.63157895e+000]
 [5.53924582e-003 1.62808048e+000]
 [2.96457687e-017 1.63157895e+000]
 [3.32161812e-010 1.63157895e+000]
 [2.58333333e+000 3.93650056e-010]
 [1.79690733e-017 1.63157895e+000]
 [6.55825052e-002 1.59015842e+000]
 [2.58333333e+000 5.46626735e-117]
 [2.58333333e+000 1.51792288e-013]
 [2.58333333e+000 4.24995343e-024]
 [2.58333333e+000 4.47336553e-031]
 [2.58333333e+000 1.73254740e-061]
 [7.58238505e-010 1.63157895e+000]
 [3.74141047e-012 1.63157895e+000]
 [2.05467018e-012 1.63157895e+000]
 [1.30992439e-006 1.63157812e+000]
 [7.80850244e-005 1.63152963e+000]
 [1.16219587e-016 1.63157895e+000]
 [2.89744801e-015 1.63157895e+000]
 [5.32567798e-014 1.63157895e+000]
 [2.58333333e+000 1.24379721e-062]
 [2.58333333e+000 5.95454729e-023]
 [8.21633968e-017 1.63157895e+000]
 [2.58333333e+000 4.98701471e-021]
 [2.58333332e+000 6.76247384e-009]
 [4.67258417e-018 1.63157895e+000]
 [2.58333333e+000 3.98813918e-087]
 [2.58333333e+000 7.64382279e-023]
 [7.68695839e-012 1.63157895e+000]
 [5.91489470e-011 1.63157895e+000]
 [1.47752474e-011 1.63157895e+000]
 [2.58333333e+000 4.15788701e-217]
 [1.21741343e-005 1.63157126e+000]
 [5.62404104e-009 1.63157894e+000]
 [2.58333333e+000 1.92604339e-023]
 [5.73720510e-014 1.63157895e+000]
 [1.33869068e-005 1.63157049e+000]
 [2.58333333e+000 1.12341254e-238]
 [2.58318552e+000 9.33566292e-005]
 [2.58333333e+000 2.80191499e-097]
 [2.71545198e-013 1.63157895e+000]
 [1.80718387e-012 1.63157895e+000]
 [1.13452455e-012 1.63157895e+000]
 [2.58333333e+000 1.10519650e-016]
 [2.58333333e+000 2.84991278e-014]
 [1.98512914e-014 1.63157895e+000]
 [7.03223003e-013 1.63157895e+000]
 [2.58333333e+000 9.49889078e-042]
 [1.32897462e-009 1.63157895e+000]
 [2.58333333e+000 2.23879584e-071]
 [2.58333333e+000 7.22849894e-014]
 [2.83605229e-013 1.63157895e+000]
 [3.63325869e-013 1.63157895e+000]
 [2.58333333e+000 8.17011955e-055]
 [2.58333333e+000 2.32154901e-145]
 [2.58333333e+000 1.63263108e-030]
 [9.67579889e-011 1.63157895e+000]
 [1.02667443e-013 1.63157895e+000]
 [3.35619789e-007 1.63157874e+000]
 [2.58333333e+000 1.71723426e-022]
 [1.27247464e-006 1.63157814e+000]
 [2.46602223e-013 1.63157895e+000]
 [2.05340977e+000 3.34688565e-001]
 [2.58333332e+000 6.54751049e-009]
 [5.27887641e-014 1.63157895e+000]
 [2.58333333e+000 1.29179031e-099]
 [3.70846479e-016 1.63157895e+000]
 [1.49316487e-016 1.63157895e+000]
 [2.58332086e+000 7.87508755e-006]
 [3.71257441e-012 1.63157895e+000]
 [2.58333333e+000 1.88208419e-027]
 [2.58333333e+000 6.57435558e-078]
 [1.74144953e-001 1.52159266e+000]
 [2.28000484e-014 1.63157895e+000]
 [1.28382023e-001 1.55049556e+000]
 [3.05900515e-016 1.63157895e+000]
 [1.71121233e-013 1.63157895e+000]
 [1.79153399e-011 1.63157895e+000]
 [4.98221536e-014 1.63157895e+000]
 [2.58333333e+000 1.33904162e-218]
 [2.58333333e+000 5.91059944e-035]
 [2.30595174e-014 1.63157895e+000]
 [2.41680552e-010 1.63157895e+000]
 [1.58585599e-016 1.63157895e+000]
 [3.75513590e-019 1.63157895e+000]
 [4.41004440e-010 1.63157895e+000]
 [1.86833326e-016 1.63157895e+000]
 [2.76271582e-010 1.63157895e+000]
 [2.90534072e-002 1.61322943e+000]
 [1.12557649e-011 1.63157895e+000]
 [4.79243873e-015 1.63157895e+000]
 [8.10931280e-007 1.63157844e+000]
 [2.85899049e-008 1.63157893e+000]
 [2.58323301e+000 6.33607357e-005]
 [6.08343342e-001 1.24736210e+000]
 [5.66901908e-013 1.63157895e+000]
 [7.07479817e-011 1.63157895e+000]
 [2.58331690e+000 1.03790804e-005]
 [2.41512852e-013 1.63157895e+000]
 [9.64174541e-011 1.63157895e+000]
 [2.58332972e+000 2.28412586e-006]
 [2.05756836e-004 1.63144900e+000]
 [2.15222130e-014 1.63157895e+000]
 [4.01803067e-009 1.63157894e+000]
 [2.53333780e-008 1.63157893e+000]
 [7.15396418e-013 1.63157895e+000]
 [4.24794556e-011 1.63157895e+000]
 [2.58333333e+000 1.25216515e-019]
 [2.58333333e+000 4.22426209e-050]
 [2.58332795e+000 3.39744371e-006]
 [5.91944312e-001 1.25771938e+000]
 [1.10094599e-009 1.63157895e+000]
 [2.58333333e+000 5.04695529e-013]
 [4.46630642e-010 1.63157895e+000]
 [2.58333333e+000 3.63752327e-076]
 [8.23563803e-012 1.63157895e+000]
 [6.91309114e-012 1.63157895e+000]
 [2.81706109e-017 1.63157895e+000]
 [1.56012702e-014 1.63157895e+000]
 [2.58333333e+000 7.15495624e-012]
 [5.79156426e-009 1.63157894e+000]
 [2.38804867e-015 1.63157895e+000]
 [2.58333333e+000 2.04336772e-078]
 [8.60919344e-016 1.63157895e+000]
 [9.67615598e-012 1.63157895e+000]
 [7.58931161e-007 1.63157847e+000]
 [2.58333333e+000 2.60640695e-102]
 [4.09544226e-012 1.63157895e+000]
 [2.58333333e+000 1.93506627e-051]
 [2.58333333e+000 9.53010360e-094]
 [3.16494497e-015 1.63157895e+000]
 [3.55413910e-015 1.63157895e+000]
 [1.06986723e-008 1.63157894e+000]
 [8.07971331e-004 1.63106865e+000]
 [1.52796799e-012 1.63157895e+000]
 [1.41766481e-014 1.63157895e+000]
 [5.61552294e-012 1.63157895e+000]
 [4.37127352e-018 1.63157895e+000]
 [2.58333333e+000 4.01533836e-012]
 [1.30176206e-012 1.63157895e+000]
 [1.80629245e-014 1.63157895e+000]
 [1.28822802e-016 1.63157895e+000]
 [2.04670512e-014 1.63157895e+000]
 [2.38164356e-016 1.63157895e+000]
 [2.58333324e+000 6.19687379e-008]
 [1.68389207e-007 1.63157884e+000]
 [2.58333333e+000 1.32386019e-077]
 [2.58333333e+000 1.17433981e-027]
 [2.33267546e-012 1.63157895e+000]
 [6.20125792e-013 1.63157895e+000]
 [2.58333333e+000 1.52684034e-166]
 [1.90605028e-013 1.63157895e+000]]
X2_test :  (228, 30)
gaussian sigma :  (2, 30)
gaussian theta :  (2, 30)
[[2.50933344e-20 2.82452373e-20]
 [2.37422615e-20 2.58458014e-20]
 [2.53839336e-20 2.48072074e-20]
 [2.49014926e-20 2.75932620e-20]
 [2.46022519e-20 2.82169648e-20]
 [2.08121242e-20 1.81832280e-20]
 [2.50217619e-20 2.49291353e-20]
 [2.57053668e-20 2.66385584e-20]
 [2.59251065e-20 2.34078296e-20]
 [2.03198790e-20 2.68086422e-20]
 [2.18696373e-20 2.83515770e-20]
 [2.45712521e-20 2.68015468e-20]
 [2.02942946e-20 2.72565652e-20]
 [2.43510100e-20 2.36389122e-20]
 [2.24120602e-20 2.83335408e-20]
 [2.27714714e-20 2.14646811e-20]
 [2.15529054e-20 2.80634157e-20]
 [2.27416173e-20 2.77982353e-20]
 [2.11340299e-20 2.39536338e-20]
 [2.52558138e-20 2.44589235e-20]
 [2.44879294e-20 2.64379313e-20]
 [2.40802959e-20 2.84266616e-20]
 [2.41805580e-20 2.17013352e-20]
 [2.07356258e-20 2.68992488e-20]
 [2.11211576e-20 2.64185459e-20]
 [2.23289664e-20 2.44563732e-20]
 [2.27705681e-20 2.89324992e-20]
 [2.41509027e-20 2.86832255e-20]
 [2.36144823e-20 2.93938039e-20]
 [2.42364353e-20 2.08427250e-20]
 [2.38064656e-20 2.82434560e-20]
 [2.23469655e-20 2.88288034e-20]
 [2.22026727e-20 2.62921297e-20]
 [2.21055847e-20 2.86357309e-20]
 [2.35426033e-20 2.79579652e-20]
 [2.27011909e-20 2.78946672e-20]
 [2.18738918e-20 2.82895067e-20]
 [2.15519310e-20 2.66996289e-20]
 [2.51598235e-20 2.58568644e-20]
 [2.26674954e-20 2.92537481e-20]
 [2.35300911e-20 2.78998956e-20]
 [2.52816631e-20 2.51691623e-20]
 [2.49762378e-20 2.77214245e-20]
 [2.28045415e-20 2.90724246e-20]
 [2.27756341e-20 2.43219045e-20]
 [2.25627042e-20 2.77394001e-20]
 [2.01996184e-20 2.22494740e-20]
 [2.02229571e-20 2.58813711e-20]
 [2.39812538e-20 2.78812554e-20]
 [2.15640497e-20 2.61679324e-20]
 [2.45211531e-20 2.54718774e-20]
 [2.54303305e-20 2.27235338e-20]
 [2.45466184e-20 2.53455209e-20]
 [2.37981197e-20 2.40292995e-20]
 [2.29615821e-20 2.47313543e-20]
 [2.12454245e-20 2.74742805e-20]
 [2.45298339e-20 2.67152758e-20]
 [2.29461835e-20 2.12805852e-20]
 [2.49426810e-20 2.50699059e-20]
 [2.36959017e-20 2.92843549e-20]
 [2.39032861e-20 2.94971680e-20]
 [2.54061254e-20 2.27889927e-20]
 [2.41599815e-20 2.34832854e-20]
 [2.05511490e-20 2.70610866e-20]
 [2.13272545e-20 2.77313098e-20]
 [2.28891987e-20 2.79945605e-20]
 [2.31822421e-20 1.95772316e-20]
 [1.56553473e-20 1.35738847e-20]
 [2.24904911e-20 2.73711697e-20]
 [2.48509591e-20 2.79983283e-20]
 [2.45663846e-20 2.25641013e-20]
 [2.57322858e-20 2.45248666e-20]
 [2.13866667e-20 2.81767438e-20]
 [2.60557608e-20 2.41417356e-20]
 [2.06861356e-20 2.51078411e-20]
 [2.45798020e-20 2.66044699e-20]
 [2.23244895e-20 2.86297332e-20]
 [2.56639679e-20 2.61043447e-20]
 [2.07391755e-20 2.68859870e-20]
 [2.40688308e-20 2.44596682e-20]
 [2.48334100e-20 2.58012863e-20]
 [2.12165037e-20 2.71149394e-20]
 [2.47956218e-20 2.65611169e-20]
 [2.37681529e-20 2.32445939e-20]
 [2.29619677e-20 2.79714529e-20]
 [2.09855262e-20 1.76434741e-20]
 [1.95798559e-20 1.69007598e-20]
 [2.21217082e-20 2.07346650e-20]
 [2.13784977e-20 2.47402756e-20]
 [2.35424746e-20 2.72676579e-20]
 [2.39255666e-20 2.83665379e-20]
 [2.39218807e-20 2.65683874e-20]
 [2.37948521e-20 2.67674959e-20]
 [1.80808248e-20 2.30868109e-20]
 [2.14657263e-20 2.49726213e-20]
 [2.33965639e-20 2.75854203e-20]
 [2.49709896e-20 2.57452656e-20]
 [2.21681436e-20 1.93618951e-20]
 [2.29919466e-20 2.84409145e-20]
 [2.42134119e-20 2.51617435e-20]
 [2.45967141e-20 2.68912391e-20]
 [2.18515339e-20 2.64709772e-20]
 [2.43256197e-20 2.04514406e-20]
 [2.60419326e-20 2.47293551e-20]
 [2.24882443e-20 2.77914653e-20]
 [2.40368942e-20 2.82357695e-20]
 [2.43271962e-20 2.82278296e-20]
 [2.45000969e-20 2.47070590e-20]
 [2.52977073e-20 2.74646551e-20]
 [2.11883951e-20 2.79285067e-20]
 [2.46156995e-20 2.57496218e-20]
 [2.42143355e-20 2.90448292e-20]
 [2.26692229e-20 2.69631745e-20]
 [2.51074914e-20 2.58349870e-20]
 [1.88471707e-20 1.73249162e-20]
 [2.19956768e-20 1.95000999e-20]
 [2.11790159e-20 2.49032491e-20]
 [2.34516351e-20 2.80310472e-20]
 [2.07572061e-20 2.45599756e-20]
 [2.33682851e-20 1.99659563e-20]
 [1.83986899e-20 1.97795304e-20]
 [2.29259708e-20 2.91084631e-20]
 [2.33544030e-20 2.89820178e-20]
 [2.58299651e-20 2.51135999e-20]
 [2.47779854e-20 2.83967806e-20]
 [2.45374418e-20 2.50751042e-20]
 [2.41903246e-20 2.11250136e-20]
 [2.34354427e-20 2.82344057e-20]
 [2.16050256e-20 2.83820095e-20]
 [2.54721737e-20 2.32529719e-20]
 [2.10606506e-20 1.81340601e-20]
 [2.30576566e-20 2.03759229e-20]
 [1.99064121e-20 2.66806416e-20]
 [2.24212956e-20 2.77669184e-20]
 [2.14368540e-20 2.76024330e-20]
 [2.27867259e-20 1.98093000e-20]
 [2.53552865e-20 2.69168464e-20]
 [2.30161533e-20 2.72998385e-20]
 [2.53928371e-20 2.42629274e-20]
 [2.48503038e-20 2.45270765e-20]
 [2.32865518e-20 2.86546500e-20]
 [2.47945702e-20 2.50733407e-20]
 [2.34040205e-20 2.90279987e-20]
 [1.96374342e-20 2.59604875e-20]
 [2.49093282e-20 2.19194429e-20]
 [2.22258454e-20 2.71267789e-20]
 [2.57643037e-20 2.52408844e-20]
 [2.34480374e-20 2.27825558e-20]
 [2.35662282e-20 2.77441647e-20]
 [2.06907295e-20 2.67588058e-20]
 [2.32597143e-20 2.81101096e-20]
 [2.08762388e-20 2.70914860e-20]
 [2.27082882e-20 2.78787378e-20]
 [2.33180241e-20 2.89437964e-20]
 [2.03729716e-20 2.56348735e-20]
 [1.81495283e-20 1.66785677e-20]
 [2.61691733e-20 2.46087226e-20]
 [1.82611357e-20 2.37142529e-20]
 [2.24024717e-20 2.90425580e-20]
 [2.06066901e-20 2.72068381e-20]
 [1.78097032e-20 2.24898478e-20]
 [2.37693192e-20 2.75685319e-20]
 [2.19784152e-20 2.64635295e-20]
 [2.29561217e-20 2.66835457e-20]
 [2.19008280e-20 2.72907154e-20]
 [2.48723237e-20 2.78432681e-20]
 [2.23684648e-20 2.82344190e-20]
 [2.24907434e-20 2.84216934e-20]
 [1.86046308e-20 2.07630491e-20]
 [2.33948016e-20 2.01848747e-20]
 [2.25572875e-20 2.43523347e-20]
 [2.05545755e-20 2.72547672e-20]
 [2.15933582e-20 2.68550580e-20]
 [2.45785522e-20 2.39044455e-20]
 [2.22442188e-20 2.84131693e-20]
 [2.31649525e-20 2.94120559e-20]
 [2.16172846e-20 2.82898012e-20]
 [2.42833705e-20 2.77738594e-20]
 [2.33660483e-20 2.91243880e-20]
 [2.42112079e-20 2.72241631e-20]
 [2.48532377e-20 2.81866295e-20]
 [2.24471494e-20 2.83299568e-20]
 [2.29070443e-20 2.58974425e-20]
 [2.54140202e-20 2.75325885e-20]
 [2.62553890e-20 2.49149204e-20]
 [2.35243249e-20 2.15468601e-20]
 [2.48718653e-20 2.64451666e-20]
 [2.47126065e-20 2.76920343e-20]
 [2.48085376e-20 2.21384696e-20]
 [2.19403119e-20 2.70256522e-20]
 [2.58612919e-20 2.41086413e-20]
 [2.26523195e-20 2.87389457e-20]
 [2.36090538e-20 2.85583307e-20]
 [1.93546285e-20 2.51489884e-20]
 [2.20606685e-20 2.74370208e-20]
 [2.26235038e-20 2.62140056e-20]
 [2.32417933e-20 2.85400192e-20]
 [2.23357419e-20 2.80059448e-20]
 [2.23644134e-20 1.96109002e-20]
 [2.12401578e-20 2.74051081e-20]
 [1.95301458e-20 2.63421518e-20]
 [2.11838910e-20 2.34227391e-20]
 [1.92911783e-20 1.76076601e-20]
 [2.22445761e-20 2.83426852e-20]
 [2.55612909e-20 2.32411430e-20]
 [2.59090363e-20 2.48708810e-20]
 [2.25094265e-20 2.85675823e-20]
 [2.18914137e-20 2.82070905e-20]
 [2.46745092e-20 2.79498116e-20]
 [2.37622771e-20 2.78022027e-20]
 [2.40420107e-20 2.85943836e-20]
 [2.24999433e-20 2.74373461e-20]
 [2.22597728e-20 2.39866256e-20]
 [2.03721049e-20 2.54116476e-20]
 [2.27420552e-20 2.09942155e-20]
 [2.40270673e-20 2.66549290e-20]
 [2.30436442e-20 2.86882855e-20]
 [2.25049392e-20 2.75781812e-20]
 [2.23308438e-20 2.82541394e-20]
 [1.92100393e-20 2.45827741e-20]
 [2.53350038e-20 2.30124042e-20]
 [2.31153235e-20 2.78501800e-20]
 [2.48757858e-20 2.25330403e-20]
 [2.35743201e-20 2.03068475e-20]
 [2.34727128e-20 2.81029237e-20]
 [2.36769909e-20 2.79396615e-20]
 [2.50135360e-20 2.43230405e-20]
 [2.15005144e-20 2.80181986e-20]]
